15.2877 ; 1104.2 ; 1279.76
107.644 ; 1010.36 ; 1557.4
21.1061 ; 1278.47 ; 1273.32
110.6 ; 1070.51 ; 1279.52
202.388 ; 578.614 ; 1411.01
15.0902 ; 1531.78 ; 1332.97
-65.0178 ; 1200.77 ; 1272.45
-247.852 ; 552.482 ; 1422.74
200.866 ; 147.45 ; 1338.17
106.412 ; 1452.46 ; 1563.83
-95.6564 ; 1454.47 ; 1555.03
-10.0908 ; 1781.36 ; 1473.67
-248.174 ; 151.338 ; 1347.97
172.609 ; 1544.26 ; 1397.4
-158.549 ; 1558.67 ; 1428.06
496.841 ; 1498.3 ; 1404.71
-440.779 ; 1502.31 ; 1392.6
740.066 ; 1475.38 ; 1479.65
-706.298 ; 1480.13 ; 1448.92

